 ,A, R, N, D, C, E, Q, G, H, I, L, K, M, F, P, S, T, W, Y, V
A,1.0,0.307619185734,0.508920497366,0.485059747345,0.283530124748,0.453580140484,0.377170870475,0.743812024623,0.348220166058,0.528812030924,0.615835478563,0.378704045867,0.33490638728,0.362039960929,0.48478725287,0.733140318301,0.653626137261,0.149976961744,0.397770218703,0.647050624062
R,0.307619185734,1.0,0.656459873303,0.505289688794,0.0608671941884,0.669636350194,0.738495734481,0.290014175498,0.600152290482,0.317063153186,0.286554914436,0.605480257734,0.315626540138,0.254315749842,0.529264047301,0.482196555103,0.464253235711,0.229955206685,0.529130335999,0.259650865618
N,0.508920497366,0.656459873303,1.0,0.604996755222,0.154422364583,0.732376723765,0.818900692532,0.516437547885,0.640410274548,0.407843438366,0.374766188849,0.584780154943,0.385707245211,0.285594523362,0.767297616862,0.725155250263,0.599595469454,0.197573720088,0.534894622053,0.3702495311
D,0.485059747345,0.505289688794,0.604996755222,1.0,0.351598582106,0.774931845442,0.612409054711,0.4300525715,0.493955653147,0.427649098338,0.400613319337,0.585463964225,0.417872782086,0.353791562848,0.514748035461,0.586715173512,0.768813063355,0.285567475941,0.501855858301,0.449909599735
C,0.283530124748,0.0608671941884,0.154422364583,0.351598582106,1.0,0.202828095194,0.13682767571,0.126293802938,0.269236402887,0.538236070792,0.436702056925,0.0629594528592,0.553945676572,0.579750674714,0.136436361145,0.193536309124,0.441267402276,0.482067281363,0.357520820253,0.541341730551
E,0.453580140484,0.669636350194,0.732376723765,0.774931845442,0.202828095194,1.0,0.767762113958,0.432676341845,0.544220607628,0.377754772945,0.360584044983,0.7194028709,0.359635306249,0.292908295348,0.586599018054,0.630188842888,0.677983562348,0.230055394284,0.523409907048,0.372811267337
Q,0.377170870475,0.738495734481,0.818900692532,0.612409054711,0.13682767571,0.767762113958,1.0,0.37840156391,0.660044526614,0.355696925586,0.298986301951,0.609737816185,0.379927720991,0.267450760243,0.685190809557,0.58752401346,0.54705458582,0.229985638691,0.537347489583,0.293702862757
G,0.743812024623,0.290014175498,0.516437547885,0.4300525715,0.126293802938,0.432676341845,0.37840156391,1.0,0.29453122609,0.346129668062,0.415670364453,0.362674018272,0.194491585378,0.186674284726,0.529549601426,0.736195505143,0.53779941199,0.0,0.279660918788,0.434631037417
H,0.348220166058,0.600152290482,0.640410274548,0.493955653147,0.269236402887,0.544220607628,0.660044526614,0.29453122609,1.0,0.49988138321,0.385100001711,0.374380556993,0.609859417211,0.456918499069,0.603166789826,0.457284530202,0.492465622343,0.445246516624,0.672848024143,0.377597639004
I,0.528812030924,0.317063153186,0.407843438366,0.427649098338,0.538236070792,0.377754772945,0.355696925586,0.346129668062,0.49988138321,1.0,0.789535450001,0.263946351432,0.711180119447,0.781525099802,0.377600357534,0.434111325487,0.572606129955,0.559611953116,0.664451992529,0.778611674514
L,0.615835478563,0.286554914436,0.374766188849,0.400613319337,0.436702056925,0.360584044983,0.298986301951,0.415670364453,0.385100001711,0.789535450001,1.0,0.284850797275,0.527115034646,0.660082277,0.341472077544,0.462687256626,0.571081251726,0.417985103812,0.574984312945,0.838642906086
K,0.378704045867,0.605480257734,0.584780154943,0.585463964225,0.0629594528592,0.7194028709,0.609737816185,0.362674018272,0.374380556993,0.263946351432,0.284850797275,1.0,0.200809266297,0.171181925273,0.444986259783,0.538990551872,0.546330481728,0.0984116656961,0.395890410808,0.278225176472
M,0.33490638728,0.315626540138,0.385707245211,0.417872782086,0.553945676572,0.359635306249,0.379927720991,0.194491585378,0.609859417211,0.711180119447,0.527115034646,0.200809266297,1.0,0.741939369204,0.361976484303,0.315252936239,0.480246816158,0.711720670686,0.684946676231,0.542705932507
F,0.362039960929,0.254315749842,0.285594523362,0.353791562848,0.579750674714,0.292908295348,0.267450760243,0.186674284726,0.456918499069,0.781525099802,0.660082277,0.171181925273,0.741939369204,1.0,0.257866581301,0.277865314896,0.468321252365,0.725003550619,0.639817693806,0.656868119327
P,0.48478725287,0.529264047301,0.767297616862,0.514748035461,0.136436361145,0.586599018054,0.685190809557,0.529549601426,0.603166789826,0.377600357534,0.341472077544,0.444986259783,0.361976484303,0.257866581301,1.0,0.659538187711,0.522588807539,0.166204011653,0.463983969825,0.333245960923
S,0.733140318301,0.482196555103,0.725155250263,0.586715173512,0.193536309124,0.630188842888,0.58752401346,0.736195505143,0.457284530202,0.434111325487,0.462687256626,0.538990551872,0.315252936239,0.277865314896,0.659538187711,1.0,0.68238214112,0.120171423997,0.428197806604,0.481076285451
T,0.653626137261,0.464253235711,0.599595469454,0.768813063355,0.441267402276,0.677983562348,0.54705458582,0.53779941199,0.492465622343,0.572606129955,0.571081251726,0.546330481728,0.480246816158,0.468321252365,0.522588807539,0.68238214112,1.0,0.327898383042,0.545314292453,0.635612199828
W,0.149976961744,0.229955206685,0.197573720088,0.285567475941,0.482067281363,0.230055394284,0.229985638691,0.0,0.445246516624,0.559611953116,0.417985103812,0.0984116656961,0.711720670686,0.725003550619,0.166204011653,0.120171423997,0.327898383042,1.0,0.588359124828,0.413524159864
Y,0.397770218703,0.529130335999,0.534894622053,0.501855858301,0.357520820253,0.523409907048,0.537347489583,0.279660918788,0.672848024143,0.664451992529,0.574984312945,0.395890410808,0.684946676231,0.639817693806,0.463983969825,0.428197806604,0.545314292453,0.588359124828,1.0,0.526437339468
V,0.647050624062,0.259650865618,0.3702495311,0.449909599735,0.541341730551,0.372811267337,0.293702862757,0.434631037417,0.377597639004,0.778611674514,0.838642906086,0.278225176472,0.542705932507,0.656868119327,0.333245960923,0.481076285451,0.635612199828,0.413524159864,0.526437339468,1.0
